0.9876477074806245
0.9781562629221636
0.9697703628337656
0.9621099806044122
0.9549925860214359
0.948309660895408
0.9419889156592028
0.9359786010350973
0.9302397750978357
0.924742036236186
0.9194609706040778
0.9143765292390862
0.9094719457764809
0.9047329863467988
0.9001474129356268
0.8957045890976997
0.8913951836194638
0.8872109434018358
0.8831445164052885
0.8791893115408898
0.8753393863176616
0.8715893556751526
0.8679343172164085
0.8643697893000473
0.8608916593317347
0.8574961402307201
0.854179733511899
0.8509391977685604
0.8477715215998106
0.8446739002232603
0.8416437151644863
0.8386785165317668
0.8357760074761149
0.8329340305088384
0.8301505554062714
0.8274236684773176
0.824751563006548
0.8221325307157201
0.8195649541111932
0.8170472996049309
0.8145781113134893
0.8121560054532542
0.8097796652617669
0.8074478363846798
0.8051593226760515
0.8029129823665998
0.8007077245603957
0.7985425060254766
0.7964163282481316
0.7943282347242816
0.7922773084645316
0.7902626696922048
0.7882834737160279
0.7863389089611945
0.7844281951443227
0.7825505815793851
0.7807053456030618
0.7788917911091713
0.7771092471828874
0.7753570668263947
0.7736346257684523
0.771941321351074
0.7702765714871805
0.7686398136836623
0.7670305041247999
0.7654481168114599
0.7638921427518885
0.7623620892003001
0.760857478939787
0.7593778496063767
0.7579227530513335
0.756491754739041
0.7550844331780234
0.7537003793828633
0.7523391963649501
0.7510004986501605
0.7496839118217178
0.7483890720866144
0.747115625864102
0.7458632293948695
0.744631548369629
0.743420257575924
0.7422290405620615
0.7410575893171459
0.7399056039662674
0.7387727924799607
0.7376588703971152
0.7365635605605682
0.7354865928646696
0.7344277040141517
0.7333866372936806
0.732363142347509
0.7313569749686865
0.7303678968973167
0.7293956756273859
0.7284400842217146
0.7275009011346132
0.7265779100418478
0.725670899677546
0.7247796636776956
0.723904000429907
0.7230437129291352
0.7221986086390678
0.7213684993589079
0.7205532010952937
0.7197525339391123
0.7189663219469775
0.7181943930271559
0.7174365788297367
0.7166927146408497
0.7159626392807527
0.7152461950056099
0.7145432274128014
0.7138535853496062
0.7131771208251125
0.7125136889252152
0.7118631477305676
0.7112253582373631
0.7106001842808263
0.7099874924612993
0.7093871520728184
0.708799035034075
0.708223015821666
0.7076589714055392
0.7071067811865476
0.7065663269360247
0.706037492737306
0.7055201649291141
0.7050142320507408
0.7045195847889522
0.7040361159265527
0.7035637202925441
0.7031022947138196
0.7026517379683348
0.702211950739701
0.7017828355731477
0.7013642968328039
0.7009562406602508
0.7005585749342987
0.7001712092319455
0.6997940547904724
0.6994270244706388
0.6990700327209358
0.6987229955428625
0.6983858304571887
0.6980584564711695
0.6977407940466811
0.6974327650692441
0.6971342928179053
0.6968453019359488
0.69656571840241
0.6962954695043623
0.696034483809956
0.6957826911421802
0.6955400225533261
0.6953064103001301
0.6950817878195718
0.6948660897053084
0.6946592516847253
0.6944612105965807
0.6942719043692295
0.6940912719994045
0.6939192535315406
0.6937557900376239
0.6936008235975487
0.6934542972799693
0.6933161551236293
0.693186342119155
0.693064804191299
0.6929514881816203
0.6928463418315888
0.6927493137660992
0.6926603534773857
0.6925794113093242
0.6925064384421088
0.6924413868772961
0.6923842094232029
0.6923348596806488
0.6922932920290346
0.6922594616127449
0.6922333243278684
0.692214836809225
0.6922039564176916
0.6922006412278195
0.6922048500157343
0.6922165422473096
0.69223567806661
0.6922622182845936
0.6922961243680671
0.6923373584288883
0.6923858832134083
0.6924416620921466
0.6925046590496947
0.6925748386748398
0.6926521661509051
0.6927366072462996
0.6928281283052727
0.6929266962388679
0.693032278516071
0.6931448431551464
0.6932643587151601
0.69339079428768
0.6935241194886529
0.693664304450452
0.6938113198140909
0.6939651367216002
0.6941257268085624
0.6942930621968018
0.6944671154872244
0.6946478597528056
0.6948352685317218
0.6950293158206204
0.6952299760680287
0.6954372241678948
0.6956510354532592
0.6958713856900541
0.6960982510710257
0.6963316082097794
0.6965714341349416
0.6968177062844393
0.6970704024998909
0.6973295010211085
0.6975949804807072
0.6978668198988214
0.6981449986779218
0.6984294965977355
0.6987202938102622
0.6990173708348892
0.6993207085535976
0.6996302882062628
0.6999460913860438
0.7002681000348603
0.7005962964389565
0.7009306632245484
0.7012711833535539
0.701617840119403
0.7019706171429264
0.7023294983683226
0.7026944680591984
0.7030655107946853
0.7034426114656257
0.7038257552708326
0.7042149277134162
0.7046101145971793
0.7050113020230787
0.7054184763857525
0.7058316243701088
0.7062507329479796
0.7066757893748331
0.7071067811865476
0.7075436961962427
0.7079865224911689
0.7084352484296523
0.7088898626380955
0.7093503540080313
0.7098167116932301
0.7102889251068591
0.7107669839186916
0.7112508780523668
0.711740597682698
0.7122361332330291
0.7127374753726372
0.713244615014182
0.7137575433112
0.7142762516556431
0.7148007316754601
0.7153309752322211
0.7158669744187841
0.7164087215570015
0.7169562091954681
0.7175094301073068
0.7180683772879951
0.7186330439532274
0.7192034235368164
0.7197795096886299
0.7203612962725635
0.7209487773645497
0.7215419472505997
0.7221408004248813
0.7227453315878278
0.723355535644282
0.7239714077016702
0.7245929430682094
0.7252201372511444
0.7258529859550162
0.7264914850799592
0.7271356307200291
0.7277854191615585
0.7284408468815415
0.7291019105460463
0.7297686070086541
0.7304409333089261
0.7311188866708969
0.7318024645015921
0.7324916643895746
0.7331864841035121
0.733886921590773
0.7345929749760441
0.7353046425599729
0.7360219228178333
0.7367448143982148
0.7374733161217334
0.7382074269797656
0.738947146133204
0.7396924729112346
0.740443406810135
0.7411999474920935
0.7419620947840497
0.7427298486765533
0.7435032093226448
0.7442821770367546
0.7450667522936212
0.7458569357272296
0.7466527281297662
0.7474541304505948
0.7482611437952478
0.7490737694244367
0.7498920087530806
0.7507158633493504
0.7515453349337309
0.7523804253780996
0.7532211367048214
0.75406747108586
0.754919430841905
0.7557770184415149
0.7566402365002747
0.7575090877799701
0.7583835751877758
0.7592637017754588
0.7601494707385957
0.761040885415806
0.7619379492879971
0.7628406659776253
0.7637490392479699
0.7646630730024196
0.7655827712837749
0.7665081382735605
0.7674391782913531
0.768375895794121
0.7693182953755757
0.7702663817655376
0.7712201598293119
0.7721796345670782
0.7731448111132909
0.7741156947360924
0.775092290836737
0.776074604949026
0.7770626427387554
0.7780564100031733
0.779055912670449
0.7800611567991532
0.7810721485777475
0.7820888943240861
0.783111400484927
0.7841396736354533
0.7851737204788056
0.7862135478456229
0.7872591626935947
0.7883105721070225
0.7893677832963901
0.7904308035979447
0.7914996404732862
0.7925743015089667
0.7936547944160983
0.7947411270299707
0.795833307309677
0.7969313433377491
0.7980352433198008
0.7991450155841805
0.8002606685816319
0.8013822108849629
0.802509651188723
0.8036429983088894
0.8047822611825602
0.8059274488676564
0.8070785705426314
0.8082356355061886
0.8093986531770062
0.8105676330934706
0.8117425849134162
0.812923518413874
0.8141104434908258
0.8153033701589678
0.8165023085514795
0.8177072689198012
0.8189182616334177
0.8201352971796497
0.8213583861634508
0.8225875393072134
0.8238227674505795
0.8250640815502587
0.826311492679854
0.8275650120296926
0.8288246509066636
0.8300904207340629
0.8313623330514436
0.8326403995144733
0.8339246318947972
0.8352150420799073
0.8365116420730186
0.8378144439929502
0.8391234600740134
0.8404387026659047
0.8417601842336057
0.8430879173572885
0.8444219147322265
0.8457621891687115
0.8471087535919759
0.8484616210421212
0.8498208046740514
0.8511863177574122
0.8525581736765361
0.8539363859303921
0.8553209681325415
0.8567119340110986
0.8581092974086969
0.8595130722824607
0.860923272703981
0.8623399128592981
0.8637630070488882
0.8651925696876551
0.8666286153049274
0.8680711585444604
0.8695202141644433
0.8709757970375106
0.8724379221507593
0.8739066046057703
0.8753818596186347
0.8768637025199852
0.8783521487550319
0.8798472138836029
0.8813489135801895
0.8828572636339965
0.8843722799489964
0.8858939785439884
0.8874223755526627
0.8889574872236677
0.8904993299206836
0.8920479201224988
0.8936032744230918
0.8951654095317171
0.8967343422729952
0.8983100895870076
0.8998926685293958
0.9014820962714636
0.9030783901002862
0.9046815674188206
0.9062916457460218
0.9079086427169637
0.9095325760829622
0.9111634637117048
0.9128013235873823
0.9144461738108259
0.916098032599648
0.9177569182883863
0.9194228493286538
0.9210958442892905
0.9227759218565206
0.9244631008341138
0.9261574001435494
0.9278588388241851
0.9295674360334298
0.9312832110469201
0.9330061832587007
0.9347363721814079
0.9364737974464592
0.9382184788042438
0.9399704361243189
0.9417296893956092
0.9434962587266106
0.9452701643455966
0.9470514266008294
0.9488400659607746
0.9506361030143197
0.9524395584709955
0.9542504531612022
0.956068808036439
0.9578946441695368
0.9597279827548951
0.9615688451087225
0.9634172526692806
0.9652732269971313
0.9671367897753886
0.9690079628099738
0.9708867680298728
0.9727732274873991
0.9746673633584593
0.9765691979428215
0.9784787536643895
0.9803960530714779
0.9823211188370923
0.9842539737592126
0.9861946407610803
0.9881431428914883
0.9900995033250751
0.9920637453626223
0.9940358924313555
0.9960159680852483
0.9980039960053306
1
1.0020000080000133
1.004000064000428
1.0060002160032555
1.00800051201374
1.0100010000419972
1.0120017281046656
1.0140027442265747
1.0160040964424268
1.0180058327984938
1.0200080013543265
1.0220106501844803
1.0240138273802548
1.0260175810514442
1.0280219593281064
1.030027010362341
1.032032782330085
1.0340393234329184
1.0360466818998868
1.038054905989334
1.0400640439907503
1.0420741442266332
1.0440852550543611
1.04609742486808
1.0481107021006044
1.0501251352253291
1.0521407727581569
1.0541576632594358
1.056175855335913
1.0581953976426985
1.0602163388852426
1.0622387278213277
1.064262613263071
1.0662880440789417
1.0683150691957894
1.0703437376008873
1.072374098343986
1.074406200539383
1.0764400933680027
1.0784758260794904
1.0805134479943197
1.082553008505912
1.0845945570827702
1.0866381432706236
1.088683816694588
1.090731627061339
1.0927816241612962
1.094833857870823
1.0968883781544396
1.0989452350670483
1.1010044787561737
1.1030661594642146
1.1051303275307125
1.1071970333946304
1.109266327596649
1.1113382607814737
1.113412883700158
1.1154902472124395
1.117570402289091
1.1196534000142866
1.1217392915879794
1.1238281283282974
1.1259199616739526
1.1280148431866635
1.1301128245535959
1.1322139575898142
1.1343182942407533
1.1364258865847006
1.1385367868352971
1.1406510473440534
1.1427687206028798
1.1448898592466346
1.1470145160556873
1.149142743958498
1.1512745960342132
1.1534101255152789
1.15554938579007
1.1576924304055358
1.159839313069864
1.1619900876551619
1.1641448082001524
1.1663035289128918
1.1684663041735028
1.1706331885369252
1.1728042367356863
1.1749795036826898
1.177159044474021
1.1793429143917735
1.1815311689068937
1.183723863682045
1.185921054574491
1.1881227976389974
1.1903291491307573
1.1925401655083328
1.194755903436619
1.196976419789828
1.1992017716544947
1.2014320163325016
1.2036672113441276
1.2059074144311162
1.2081526835597676
1.2104030769240501
1.2126586529487378
1.2149194702925665
1.2171855878514166
1.2194570647615162
1.221733960402669
1.2240163344015067
1.2263042466347638
1.2285977572325777
1.2308969265818126
1.2332018153294104
1.2355124843857646
1.23782899492812
1.2401514084040002
1.2424797865346584
1.2448141913185578
1.2471546850348756
1.2495013302470372
1.2518541898062758
1.2542133268552205
1.2565788048315123
1.25895068747145
1.2613290388136622
1.2637139232028116
1.2661054052933267
1.2685035500531647
1.2709084227676035
1.2733200890430658
1.2757386148109737
1.2781640663316336
1.2805965101981556
1.283036013340402
1.2854826430289719
1.2879364668792148
1.2903975528552816
1.2928659692742073
1.2953417848100275
1.2978250684979327
1.300315889738453
1.3028143183016838
1.3053204243315428
1.307834278350066
1.3103559512617418
1.3128855143578781
1.315423039321013
1.3179685982293587
1.3205222635612879
1.3230841081998577
1.3256542054373741
1.3282326289799962
1.3308194529523814
1.333414751902372
1.336018600805725
1.3386310750708814
1.3412522505437807
1.343882203512718
1.3465210107132461
1.3491687493331201
1.351825497017289
1.3544913318729321
1.3571663324745427
1.3598505778690557
1.3625441475810276
1.365247121617859
1.3679595804750697
1.370681605141622
1.3734132771052923
1.3761546783580951
1.3789058914017578
1.381666999253246
1.3844380854503429
1.3872192340572802
1.3900105296704246
1.3928120574240164
1.3956239029959654
1.398446152613701
1.4012788930600797
1.40412221167935
1.4069761963831737
1.4098409356567088
1.4127165185647483
1.4156030347579216
1.4185005744789565
1.4214092285690023
1.4243290884740154
1.4272602462512087
1.4302027945755653
1.4331568267464154
1.4361224366940823
1.4390997189865906
1.4420887688364454
1.4450896821074783
1.4481025553217626
1.4511274856665983
1.4541645710015692
1.45721390986567
1.460275601484508
1.4633497457775773
1.4664364433656074
1.4695357955779886
1.472647904460273
1.4757728727817527
1.478910804043119
1.482061802484196
1.4852259730917607
1.488403421607441
1.4915942545356964
1.4947985791518843
1.49801650351041
1.5012481364529615
1.5044935876168333
1.5077529674433365
1.5110263871863003
1.5143139589206607
1.5176157955511438
1.5209320108210398
1.5242627193210727
1.527608036498363
1.5309680786654893
1.5343429630096443
1.5377328076018937
1.5411377314065318
1.5445578542905407
1.547993297033151
1.5514441813355078
1.5549106298304423
1.5583927660923482
1.5618907146471688
1.5654046009824933
1.5689345515577637
1.5724806938145937
1.5760431561872037
1.5796220681129696
1.5832175600430893
1.5868297634533686
1.5904588108551252
1.5941048358062175
1.5977679729221945
1.6014483578875711
1.6051461274672312
1.6088614195179582
1.612594373000096
1.6163451279893413
1.6201138256886698
1.6239006084403989
1.627705619738384
1.6315290042403592
1.6353709077804135
1.6392314773816123
1.6431108612687646
1.6470092088813337
1.6509266708864987
1.6548633991923656
1.658819546961332
1.6627952686236045
1.6667907198908738
1.6708060577701491
1.6748414405777534
1.6788970279534792
1.6829729808749136
1.687069461671928
1.6911866340413388
1.6953246630617396
1.699483715208508
1.7036639583689899
1.7078655618578615
1.7120886964326745
1.7163335343095842
1.720600249179266
1.7248890162230177
1.7292000121290574
1.7335334151090143
1.737889404914615
1.7422681628545724
1.7466698718116747
1.7510947162600818
1.7555428822828276
1.7600145575895358
1.764509931534347
1.769029195134065
1.7735725410865222
1.7781401637891672
1.7827322593578792
1.787349025646012
1.79199066226367
1.7966573705972186
1.8013493538290357
1.8060668169575043
1.8108099668172501
1.815579012099631
1.8203741633734745
1.8251956331060752
1.8300436356844525
1.8349183874368664
1.8398201066546072
1.844749013614051
1.8497053305989932
1.8546892819232585
1.8597010939535945
1.864740995132851
1.869809216003452
1.87490598923116
1.8800315496291404
1.8851861341823304
1.8903699820721125
1.8955833347013036
1.900826435719457
1.9060995310484894
1.9114028689086284
1.9167366998446969
1.9221012767527255
1.9274968549069107
1.9329236919869135
1.9383820481055132
1.9438721858366081
1.9493943702435848
1.9549488689080468
1.9605359519589152
1.9661558921019087
1.971808964649399
1.9774954475506585
1.9832156214224983
1.9889697695803046
1.9947581780694805
2.0005811356972965
2.0064389340651596
2.012331867601302
2.0182602335939004
2.02422433222463
2.030224466602659
2.0362609427990925
2.042334069881869
2.048444159951121
2.054591528175
2.060776492825982
2.0669993753176485
2.073260500241964
2.0795601954070455
2.085898791875438
2.0922766240028996
2.0986940294777137
2.105151349360515
2.111648928124667
2.1181871136971684
2.1247662575001187
2.1313867144927454
2.138048843213993
2.1447530058256934
2.1514995681563223
2.158288899745349
2.1651213738881894
2.1719973676817736
2.178917262070737
2.185881441894238
2.192890295933424
2.1999442169595453
2.2070436017827295
2.2141888513014316
2.221380370552562
2.2286185687623097
2.235903859397667
2.2432366602186713
2.2506173933313693
2.258046485241518
2.2655243669090366
2.273051473803214
2.280628245958693
2.288255128032232
2.2959325693602675
2.3036610240172837
2.311440950875002
2.3192728136624075
2.3271570810266167
2.335094226594615
2.3430847290358567
2.351129072125767
2.359227744810131
2.367381241270412
2.3755900609899925
2.3838547088213655
2.3921756950542825
2.4005535354848835
2.4089887514858144
2.417481870077352
2.4260334239995553
2.4346439517854583
2.443313997835314
2.45204411249192
2.460834852117029
2.4696867791688746
2.478600462280819
2.48757647634115
2.496615402574039
2.5057178286216844
2.5148843486276564
2.5241155633214643
2.5334120801043625
2.5427745131364246
2.5522034834248952
2.561699618913849
2.571263554575173
2.5808959325008978
2.5905974019968974
2.6003686196779827
2.6102102495644077
2.6201229631798175
2.6301074396506556
2.640164365807062
2.6502944362852805
2.660498353631602
2.670776828407874
2.681130579298596
2.6915603332196323
2.702066825428565
2.7126507996367195
2.7233130081228896
2.7340542118487843
2.7448751805762384
2.7557766929862004
2.7667595367995466
2.777824508899734
2.7889724154573354
2.800204072056486
2.8115203038232717
2.822921945556093
2.834409841858041
2.845984847271319
2.857647826413741
2.869399654117348
2.8812412155691756
2.8931734064542134
2.905197133100587
2.9173133126270097
2.929522873092539
2.9418267536486744
2.9542259046938475
2.9667212880303335
2.979313877023637
2.9920046567643914
3.0047946242328076
3.017684788465737
3.0306761707263723
3.0437698046766486
3.056966736552385
3.070268025341213
3.0836747429633524
3.0971879744552697
3.1108088181562827
3.124538385898156
3.1383778031977476
3.152328209452753
3.1663907581406074
3.1805666170206015
3.1948569683392707
3.2092630090391103
3.223785950970684
3.2384270211081785
3.2531874617684795
3.268068530833814
3.283071501978044
3.29819766489666
3.313448325540555
3.3288248063536403
3.3443284465143743
3.3599606021812765
3.3757226467425014
3.391615971069546
3.4076419837751617
3.423802111475557
3.4400977990569603
3.4565305099466346
3.473101726388413
3.4898129497228503
3.5066657006720705
3.5236615196293983
3.540801966953865
3.5580886232696796
3.5755230897707513
3.593106988530373
3.610841962816147
3.628729677410256
3.6467718189351896
3.6649700961850105
3.6833262404622826
3.701842005920761
3.7205191699139477
3.7393595333496346
3.7583649210505388
3.7775371821211543
3.7968781903209283
3.8163898444438957
3.8360740687048804
3.8559328131324073
3.875968053968435
3.8961817940750545
3.916576063348284
3.9371529191390913
3.95791444668179
3.9788627595299575
4
4.018957091179382
4.038082629025588
4.057378750384117
4.076847625595907
4.09649145911993
4.1163124901691965
4.13631299336037
4.156495279377442
4.176861695649671
4.197414627044298
4.21815649657422
4.23908976612117
4.260216937174605
4.281540551586877
4.3030631923448786
4.324787484358799
4.346716095268201
4.368851736266035
4.391197162940869
4.413755176137967
4.436528622839506
4.459520397064587
4.482733440789387
4.506170744888098
4.529835350095053
4.553730347988709
4.577858881997905
4.602224148431111
4.626829397529116
4.6516779345418975
4.676773120830152
4.702118374992285
4.727717174017341
4.75357305446475
4.779689613671377
4.8060705109868005
4.832719469037366
4.859640275019948
4.88683678202604
4.914312910397139
4.942072649112091
4.9701200572074145
4.998459265231315
5.027094476732461
5.05602996978428
5.085270098545929
5.11481929486071
5.14468206989316
5.174863015805672
5.205366807475922
5.236198204255989
5.267362051774562
5.298863283783157
5.330706924047833
5.362898088287378
5.395441986159524
5.4283439232962865
5.4616093033900395
5.495243630331464
5.529252510401143
5.563641654516001
5.5984168805324055
5.633584115607306
5.669149398619277
5.705118882650935
5.741498837534742
5.778295652463734
5.815515838669314
5.8531660321678025
5.891252996577943
5.929783626011192
5.968764948037197
6.00820412672632
6.048108465771808
6.0884854116936165
6.12934255712661
6.170687644195305
6.212528567978072
6.25487338006307
6.29773029219904
6.341107680043435
6.385014087011125
6.429458228226392
6.474448994581664
6.519995456905866
6.566106870246077
6.612792678265605
6.66006251776235
6.70792622331083
6.756393832032034
6.805475588494629
6.855181949752024
6.905523590519095
6.956511408493308
7.008156529824377
7.0604703147375
7.113464363314601
7.167150521438979
7.221540886908116
7.2766478157204215
7.3324839285409995
7.389062117352626
7.446395552297423
7.504497688715801
7.563382274388634
7.623063356989631
7.683555291754347
7.744872749373322
7.807030724116222
7.870044542195045
7.933929870373782
7.998702724833155
8.064379480298411
8.130976879439404
8.198512042551597
8.267002477527818
8.336466090130118
8.40692119457233
8.478386524423266
8.550881243842102
8.624424959156583
8.699037730796412
8.774740085593434
8.851553029461753
8.929498060470413
9.008597182322772
9.088872918256206
9.17034832537713
9.25304700944663
9.336993140132188
9.422211466742404
9.508727334461359
9.596566701100839
9.685756154388361
9.776322929810712
9.868294929032391
9.961700738910261
10.056569651125345
10.15293168245479
10.250817595706673
10.35025892134259
10.451287979812465
10.553937904628617
10.658242666205611
10.764237096495087
10.871956914444329
10.981438752310199
11.092720182859686
11.205839747491208
11.320836985310724
11.437752463199537
11.556627806910901
11.67750573323535
11.800430083275021
11.92544585687046
12.052599248223592
12.181937682764007
12.313509855306267
12.447365769549334
12.583556778970069
12.722135629166388
12.86315650170662
13.006675059545634
13.152748494069225
13.301435573832805
13.452796695061384
13.60689393398286
13.763791101067655
13.923553797253176
14.086249472232954
14.251947484896
14.42071916600358
14.59263788319686
14.767779108430737
14.946220487935895
15.12804191481336
15.313325604373198
15.502156172331283
15.694620715986495
15.890808898503082
16.09081303643189
16.294728190607582
16.50265226056803
16.71468608264632
16.930933531895768
17.151501628012856
17.37650064543431
17.606044227789198
17.84024950689971
18.07923722652942
18.323131871091565
18.572061799536502
18.82615938465163
19.08556115801502
19.350407960859844
19.620845101115023
19.897022516905245
20.179094946803282
20.467222107146238
20.761568876739204
21.06230548929009
21.369607733932735
21.68365716421763
22.00464131596529
22.33275393440103
22.668195211008012
23.011172030562136
23.36189822883169
23.720594861455144
24.087490484531997
24.462821447495504
24.84683219886007
25.23977560547408
25.641913285936088
26.053515958874158
26.474863806819148
26.906246856448895
27.34796537601633
27.800330290824448
28.26366361765318
28.738298919098362
29.224581778830487
29.722870298842743
30.233535619811494
30.756962465761763
31.293549714290386
31.84371099367793
32.40787530828825
32.986487693742276
33.58000990343017
34.18892112802346
34.81371874973776
35.45491913320566
36.1130584549203
36.788693573333575
37.48240294180649
38.19478756674905
38.92647201341668
39.678105461986284
40.450362816684084
41.24394587091424
42.0595845315046
42.89803810538847
43.76009665223142
44.64658240674055
45.55835127461224
46.496294406332254
47.46133985329241
48.4544543109811
49.47664495429074
50.528961370318086
51.612497594363695
52.728394255208045
53.877840836133615
55.06207805857075
56.282400395705004
57.54015872384649
58.83676311988933
60.17368581372018
61.55246430503976
62.97470465467097
64.4420849611212
65.95635903386898
67.51936027564102
69.13300578675579
70.79930070552601
72.52034279964661
74.29832732454945
76.13555216578766
78.03442328372617
79.99746048006962
82.02730350715846
84.12671854241889
86.29860505197168
88.54600306909327
90.87210091509759
93.28024339216927
95.77394047985732
98.35687656921797
101.03292027113031
103.80613483796321
106.68078924072327
109.66136994691553
112.75259344778235
115.95941958722148
119.28706574868774
122.7410219606401
126.32706698578438
130.05128546434824
133.92008618712148
137.9402215798547
142.1188084870567
146.46335035012595
150.98176088234004
155.68238935134318
160.5740475887141
165.66603885578542
170.96818870543012
176.49087799087192
182.24507818504733
188.24238918748026
194.4950798104061
201.01613115181783
207.81928308064985
214.91908407826548
222.33094470126713
230.0711949532291
238.1571458777971
246.60715571255287
255.44070097270023
264.6784528658649
274.3423594747825
284.45573418327245
295.0433508634436
306.1315463884373
317.74833108614183
329.9235078050912
342.6888003253143
356.07799191415864
370.127074901382
384.874412229087
400.3609120218681
416.63021632100146
433.7289052353225
451.706717880954
470.61679161424416
490.5159212076641
511.46483977941466
533.5285234647554
556.776522013608
581.2833177156755
607.1287152947802
634.3982656796569
663.183726853408
693.5835653100138
725.7035020089995
759.6571071211384
795.5664483052119
833.5627977519778
873.7874037842448
916.3923334161852
961.541392960146
1009.41113453174
1060.1919571555727
1114.0893121231404
1171.3250233158778
1232.1387343912384
1296.7894960564452
1365.5575081380118
1438.7460328184015
1516.6834972738484
1599.7258060387348
1688.258885767712
1782.701487704476
1883.5082761294248
1991.173234395394
2106.2334239160473
2229.273135706519
2360.928478849975
2501.8924556561637
2652.920579367181
2814.8370971542104
2988.541888941475
3175.0181214235167
3375.3407466479416
3590.6859458935032
3822.3416324665795
4071.7191416999167
4340.366253110547
4629.981708666535
4942.431412751923
5279.766524114994
5644.243678276091
6038.347611102918
6464.816491128204
6926.670310414672
7427.242732173466
7970.216848888353
8559.665368500939
9200.095819566586
9896.50145073563
10654.418597197024
11479.991398946566
12380.044885307338
13362.167589913712
14434.805033677269
15607.365614043843
16890.340671695387
18295.44077622619
19835.750586578324
21525.905007772973
23382.289791577703
25423.27022584816
27669.452137799068
30143.980115328613
32872.878645265824
35885.4427991034
39214.686190241584
42897.85521191772
46977.020077172405
51499.75496407591
56519.92167165685
62098.57367569926
68305.00041177892
75217.9350938185
82926.95350573074
91534.09610942888
101155.75164853732
111924.84738046171
123993.39936561651
137535.48615612817
152750.72108976837
169868.31261403137
189151.81913348183
210904.72539450583
235476.9921319243
263272.7605056769
294759.4288599737
330478.36290491134
371057.5532266805
417226.59814631456
469834.46792077925
529870.6012775229
598490.0012115544
677043.1387241033
767111.6467999627
870550.9999645635
989541.6366650407
1126650.3042979077
1284903.8047675646
1467877.8106232868
1679804.0315177625
1925699.7675336897
2211524.8272113358
2544371.9612520537
2932698.4279928873
3386608.1403703247
3918196.1437662058
4541970.064560089
5275366.810079774
6139387.396992165
7159378.600785419
8365997.494133383
9796404.31642905
11495741.060688203
13518968.417806424
15933153.246209199
18820323.796192493
22281042.160699155
26438885.01026391
31446077.44467719
37490594.5107283
44805135.55908623
53678494.72878899
64470005.21365896
77627937.26288362
93712995.72429222
113428413.31487942
137658598.9021879
167518913.9596108
204419966.53220934
250150900.45526433
306987613.4589633
377833791.3064004
466405274.6240621
577471825.8771414
717175174.434096
893448756.3276533
1116573482.8943143
1399916075.99949
1760913265.7981436
2222388241.000955
2814317680.76108
3576212029.97546
4560333442.6362505
5836062186.987478
7495843545.768536
9663318093.223793
12504479935.81388
16243050822.163448
21181747663.672768
27731822208.236835
36454260014.40568
48117482272.322945
63778506581.05671
84897600689.62486
113500967701.35063
152412623669.0825
205586409925.1708
278583598031.52734
379263189681.6401
518784446113.83704
713070019868.7625
984951976942.0425
1367335441084.3506
1907886542117.7876
2676015697602.4873
3773335852277.6826
5349410334286.779
7625597484987
11173925272017.365
16492981562438.742
24526216649216.863
36751796799974.18
55503983501601.484
84498806336380.73
129701068382750.66
200766533575831.56
313461856968017.7
493761485982370.4
784847248301184.5
1259179521802029.3
2039514906106566.3
3335861761757981
5511115678565374
9198838859982720
15516850860231376
26458783030279296
45619877195405140
79557727454758300
140373326724938290
250665630263938980
453159583526928700
829652610768065200
1538782354462164200
2892315337195524000
5511352447573440000
10650657499918653000
20881761626023993000
41553012394249626000
83957662090339800000
172315436211037960000
359404620008004100000
762139723357096100000
1643914928362103800000
3608501872004445000000
8064796706037190000000
18361243840139980000000
42607276719957220000000
100827059445922630000000
243460683746428900000000
600197511363115740000000
1511600884035950700000000
3891623083757261000000000
10248437570575630000000000
27625504981290490000000000
76276566107987805000000000
215880643816429350000000000
626761547721740600000000000
1868069327911126000000000000
5720494580900491000000000000
18012937346956255000000000000
58373979270857934000000000000
194860956342450360000000000000
670659675723293300000000000000
2382139247645197200000000000000
8740790823462655000000000000000
33166521907271626000000000000000
130280181321483430000000000000000
530355302181576700000000000000000
2240085436552813200000000000000000
9828543253095780000000000000000000
44851612251100250000000000000000000
213151903751268500000000000000000000
1056335593260154500000000000000000000
5466605674184706000000000000000000000
29584320460036270000000000000000000000
167680536257808800000000000000000000000
996908942690522700000000000000000000000
6227033507162692000000000000000000000000
40934414216252440000000000000000000000000
283684340538136300000000000000000000000000
2076392952997276600000000000000000000000000
16081655313434510000000000000000000000000000
132054031096593800000000000000000000000000000
1152018792461577400000000000000000000000000000
10699855369059387000000000000000000000000000000
106039581691427640000000000000000000000000000000
1123908067332018000000000000000000000000000000000
12770522194227287000000000000000000000000000000000
155950736852002100000000000000000000000000000000000
2052099477999473800000000000000000000000000000000000
29175648903519297000000000000000000000000000000000000
449451273257408450000000000000000000000000000000000000
7524295277603278000000000000000000000000000000000000000
137311258447044330000000000000000000000000000000000000000
2740293206576543000000000000000000000000000000000000000000
60005664752382500000000000000000000000000000000000000000000
1446801030417405300000000000000000000000000000000000000000000
38550506160929290000000000000000000000000000000000000000000000
1139486297488486200000000000000000000000000000000000000000000000
37512156334994810000000000000000000000000000000000000000000000000
1381089391687882800000000000000000000000000000000000000000000000000
57113920447250840000000000000000000000000000000000000000000000000000
2665022590946040000000000000000000000000000000000000000000000000000000
140979483455923100000000000000000000000000000000000000000000000000000000
8496850696608575000000000000000000000000000000000000000000000000000000000
586484414269656100000000000000000000000000000000000000000000000000000000000
46612698176045320000000000000000000000000000000000000000000000000000000000000
4290056705214544000000000000000000000000000000000000000000000000000000000000000
459948450205914230000000000000000000000000000000000000000000000000000000000000000
57801556524724765000000000000000000000000000000000000000000000000000000000000000000
8569944929821917000000000000000000000000000000000000000000000000000000000000000000000
1509323192998009200000000000000000000000000000000000000000000000000000000000000000000000
318017216376044300000000000000000000000000000000000000000000000000000000000000000000000000
80766279142557640000000000000000000000000000000000000000000000000000000000000000000000000000
24918615852379508000000000000000000000000000000000000000000000000000000000000000000000000000000
9416737011185363000000000000000000000000000000000000000000000000000000000000000000000000000000000
4396447739555414000000000000000000000000000000000000000000000000000000000000000000000000000000000000
2558904761947526600000000000000000000000000000000000000000000000000000000000000000000000000000000000000
1874461487228113300000000000000000000000000000000000000000000000000000000000000000000000000000000000000000
1745392098055407600000000000000000000000000000000000000000000000000000000000000000000000000000000000000000000
2087580960258459500000000000000000000000000000000000000000000000000000000000000000000000000000000000000000000000
3242613877890063000000000000000000000000000000000000000000000000000000000000000000000000000000000000000000000000000
6616942661511726000000000000000000000000000000000000000000000000000000000000000000000000000000000000000000000000000000
17955311755899290000000000000000000000000000000000000000000000000000000000000000000000000000000000000000000000000000000000
65619714656816480000000000000000000000000000000000000000000000000000000000000000000000000000000000000000000000000000000000000
327339581935002500000000000000000000000000000000000000000000000000000000000000000000000000000000000000000000000000000000000000000
2260495209631667000000000000000000000000000000000000000000000000000000000000000000000000000000000000000000000000000000000000000000000
21932404113971230000000000000000000000000000000000000000000000000000000000000000000000000000000000000000000000000000000000000000000000000
303682966708745200000000000000000000000000000000000000000000000000000000000000000000000000000000000000000000000000000000000000000000000000000
6100104328054705000000000000000000000000000000000000000000000000000000000000000000000000000000000000000000000000000000000000000000000000000000000
180861484935235800000000000000000000000000000000000000000000000000000000000000000000000000000000000000000000000000000000000000000000000000000000000000
8060409382991469000000000000000000000000000000000000000000000000000000000000000000000000000000000000000000000000000000000000000000000000000000000000000000
550434057335253200000000000000000000000000000000000000000000000000000000000000000000000000000000000000000000000000000000000000000000000000000000000000000000000
58772767751724470000000000000000000000000000000000000000000000000000000000000000000000000000000000000000000000000000000000000000000000000000000000000000000000000000
10023810817636003000000000000000000000000000000000000000000000000000000000000000000000000000000000000000000000000000000000000000000000000000000000000000000000000000000000
2792837021318981000000000000000000000000000000000000000000000000000000000000000000000000000000000000000000000000000000000000000000000000000000000000000000000000000000000000000
1301734779437182100000000000000000000000000000000000000000000000000000000000000000000000000000000000000000000000000000000000000000000000000000000000000000000000000000000000000000000
1040741889478420400000000000000000000000000000000000000000000000000000000000000000000000000000000000000000000000000000000000000000000000000000000000000000000000000000000000000000000000000
1465525384234220000000000000000000000000000000000000000000000000000000000000000000000000000000000000000000000000000000000000000000000000000000000000000000000000000000000000000000000000000000000
3737698625548090000000000000000000000000000000000000000000000000000000000000000000000000000000000000000000000000000000000000000000000000000000000000000000000000000000000000000000000000000000000000000
17782462235380422000000000000000000000000000000000000000000000000000000000000000000000000000000000000000000000000000000000000000000000000000000000000000000000000000000000000000000000000000000000000000000000
162817396703998330000000000000000000000000000000000000000000000000000000000000000000000000000000000000000000000000000000000000000000000000000000000000000000000000000000000000000000000000000000000000000000000000000
2965176714218865400000000000000000000000000000000000000000000000000000000000000000000000000000000000000000000000000000000000000000000000000000000000000000000000000000000000000000000000000000000000000000000000000000000000
111220634894010770000000000000000000000000000000000000000000000000000000000000000000000000000000000000000000000000000000000000000000000000000000000000000000000000000000000000000000000000000000000000000000000000000000000000000000
8915117194709955000000000000000000000000000000000000000000000000000000000000000000000000000000000000000000000000000000000000000000000000000000000000000000000000000000000000000000000000000000000000000000000000000000000000000000000000000
1587933016716900000000000000000000000000000000000000000000000000000000000000000000000000000000000000000000000000000000000000000000000000000000000000000000000000000000000000000000000000000000000000000000000000000000000000000000000000000000000000
655017527321589600000000000000000000000000000000000000000000000000000000000000000000000000000000000000000000000000000000000000000000000000000000000000000000000000000000000000000000000000000000000000000000000000000000000000000000000000000000000000000000
653736142670947700000000000000000000000000000000000000000000000000000000000000000000000000000000000000000000000000000000000000000000000000000000000000000000000000000000000000000000000000000000000000000000000000000000000000000000000000000000000000000000000000000
1653580165209486600000000000000000000000000000000000000000000000000000000000000000000000000000000000000000000000000000000000000000000000000000000000000000000000000000000000000000000000000000000000000000000000000000000000000000000000000000000000000000000000000000000000000
11134530274827244000000000000000000000000000000000000000000000000000000000000000000000000000000000000000000000000000000000000000000000000000000000000000000000000000000000000000000000000000000000000000000000000000000000000000000000000000000000000000000000000000000000000000000000000
210271406303891800000000000000000000000000000000000000000000000000000000000000000000000000000000000000000000000000000000000000000000000000000000000000000000000000000000000000000000000000000000000000000000000000000000000000000000000000000000000000000000000000000000000000000000000000000000000
11769601251490391000000000000000000000000000000000000000000000000000000000000000000000000000000000000000000000000000000000000000000000000000000000000000000000000000000000000000000000000000000000000000000000000000000000000000000000000000000000000000000000000000000000000000000000000000000000000000000000
